LVIII EDITORIS PRAEFATIO

1111111111. 11, 331 111111(ρ1111111)11. 12,111 11

rem (pro honorem) D. 12,181 manus (pro 11118) r*

12, 390 1811111111 f. tuum 1,,
1181101) 81. 1,167 111111 (11. 1, 314 1111161111

188411111111111. 11211 1111111111. 1,588 depasti
18111111116118111. 1825 1111116111 11. 3, 48
ex 11111 01. 2,221 caput 11 111111 11¹. 2,418 art}
3, 411 1111111 11· 8,81 1111111161 121. 31151111
8148 1111111161 01. 8158 1161111181. 8115116611

8, 542 18111 11. 3, 518 1131111111. 4, 8ο 1116111
568 superasque ex -18111 81. 4, 696 111118 (1118111111

4,115 4611111· 01. 4185 1611118111. 5, 8ο 111111
5, 336 Ρ11118 (pro 18) r. 5, 348 111118Ξ18 (1) 0³
410 muros ex 1111118111. 5, 5291111181181. 5, 61
1181· 81 1811811111. 6,18 0811111111 01. 6, 54 11111

1111111. 6, 79 1111711111 01. 6148111161. 6
fariis (pro furiis) 11. 6,170 8111888118 (nempe v‹
11) 11. 6, 345 1111111115 11111111) r. 6, 492 l
(pro 1118118) D. 6,740111’111118(1110-18)1. 1

11111111. 7,115 natare (pro nutare) 1111. 7,117 [fvt

7,121 1111111111 01. 7, 267 1111111111118 (pro -amq
1, 288 1111111111 0². 1, 482 1111111111 11. 1,484 ιέι
7,727 1111111111. 8, 46 pandam 81 -111 11. 8, 821

inter ipsum scribendum 81 -1811, 8, 163 88711180
288 11111111 111111 11. 8,415 1111111 31. 3, 811 51111

9, 21 11111111· (pro fruantur) Νμ. 9,128 convers<
9,168 1111111181 111-111. 9, 681 deam ex deum 0³
75 verendum 81 11181. 10, 319 Ρ1118118(ρτο,·

10, 361 1111111111 1.1. 114211111611181111811-111

 

